748.134
733.335
751.1750000000001
746.3739999999999
746.481
748.643
737.824
729.2990000000001
729.4029999999999
721.292
730.1329999999999
724.261
726.619
738.824
738.6450000000001
735.9839999999999
735.674
740.387
737.797
743.3059999999999
753.789
746.886
742.5459999999999
741.906
751.702
758.8340000000001
761.469
771.327
762.484
766.8100000000001
770.3979999999999
776.86
773.591
778.907
775.01
780.495
782.793
787.341
788.758
779.942
784.532
789.7099999999999
780.308
781.5899999999999
790.192
776.567
772.177
780.928
782.0039999999999
786.308
791.3639999999999
792.052
792.3829999999999
788.569
796.1220000000001
796.485
790.72
798.5
787.987
786.532
796.693
791.441
782.936
793.8770000000001
803.678
808.683
809.856
807.197
809.4830000000001
811.693
800.307
798.3779999999999
795.026
789.448
795.724
804.552
797.0989999999999
797.309
791.2769999999999
795.119
789.784
773.1859999999999
786.224
783.892
801.026
810.197
813.234
815.967
809.626
817.705
813.8570000000001
811.011
816.804
815.895
829.7719999999999
826.831
827.802
829.3259999999999
826.618
823.872
829.928
831.0749999999999
830.7940000000001
834.227
836.7470000000001
840.603
842.923
841.077
842.4770000000001
838.837
841.331
847.6690000000001
849.0469999999999
846.6809999999999
851.5759999999999
863.4870000000001
851.729
834.373
848.961
846.768
851.24
852.462
856.6980000000001
850.115
839.047
835.241
835.791
833.836
838.0540000000001
829.953
835.317
843.2650000000001
840.7429999999999
836.458
835.32
833.648
821.6419999999999
825.466
825.1560000000001
820.264
805.116
810.066
812.792
800.673
790.795
788.5699999999999
779.0930000000001
790.702
784.897
786.6519999999999
796.1519999999999
793.608
801.07
804.134
802.853
792.202
791.0070000000001
782.98
785.95
779.388
777.633
769.781
779.361
768.493
765.49
759.482
760.678
763.93
761.75
755.1
750.136
748.7379999999999
763.591
757.6030000000001
755.244
764.7330000000001
760.299
743.1859999999999
736.5870000000001
734.714
730.6460000000001
718.196
713.691
704.124
704.279
702.644
705.064
711.4399999999999
709.392
708.264
707.251
713.546
710.5519999999999
727.505
719.76
723.572
713.1170000000001
721.537
720.48
718.457
736.841
747.822
750.0730000000001
749.9680000000001
743.975
735.145
730.428
720.822
721.889
722.7769999999999
732.047
720.592
713.3190000000001
721.912
719.587
720.6070000000001
721.232
718.8960000000001
714.696
704.8130000000001
708.602
724.688
729.667
733.904
731.31
720.919
720.356
733.4970000000001
724.479
734.982
732.182
734.954
743.2130000000001
754.077
760.825
774.365
770.8000000000001
759.419
771.3439999999999
769.053
770.137
768.444
770.076
768.474
773.763
771.74
770.8820000000001
779.68
785.9319999999999
777.555
785.683
790.4359999999999
782.1410000000001
782.803
787.007
787.816
788.1990000000001
784.567
776.8340000000001
789.1360000000001
796.569
791.61
800.883
812.835
806.4
798.6279999999999
798.952
794.8520000000001
805.9540000000001
812.7760000000001
806.751
799.66
802.786
794.562
782.923
775.545
772.478
776.231
775.338
771.778
776.131
774.645
787.117
791.828
789.4250000000001
792.612
790.2330000000001
802.205
800.143
805.188
806.618